<?xml version='1.0' encoding='utf-8'?>
<opencv_storage>
    <CameraMatrix type_id="opencv-matrix">
        <rows>3</rows>
        <cols>3</cols>
        <dt>f</dt>
        <data>487.69048117198247 0.0 326.8012878926258 0.0 490.6060070883287 232.64336746283303 0.0 0.0 1.0</data>
    </CameraMatrix>
    <DistortionCoeffs type_id="opencv-matrix">
        <rows>1</rows>
        <cols>1</cols>
        <dt>f</dt>
        <data>-0.3639583476007651 0.22579014210690337 -0.0003453509118134192 0.0011071481872085946
            -0.11434125987351754
        </data>
    </DistortionCoeffs>
    <RVecs type_id="opencv-matrix">
        <rows>3</rows>
        <cols>1</cols>
        <dt>f</dt>
        <data>-0.044127003877045386 -2.207210193931621 -2.1954810993359</data>
    </RVecs>
    <TVecs type_id="opencv-matrix">
        <rows>3</rows>
        <cols>1</cols>
        <dt>f</dt>
        <data>4.7866242255120985 12.51938734990695 26.6448060821804</data>
    </TVecs>
</opencv_storage>