<?xml version='1.0' encoding='utf-8'?>
<opencv_storage>
    <CameraMatrix type_id="opencv-matrix">
        <rows>3</rows>
        <cols>3</cols>
        <dt>f</dt>
        <data>492.8402142965422 0.0 318.1768733551463 0.0 493.39578289449634 237.04550616599929 0.0 0.0 1.0</data>
    </CameraMatrix>
    <DistortionCoeffs type_id="opencv-matrix">
        <rows>1</rows>
        <cols>1</cols>
        <dt>f</dt>
        <data>-0.3454572393392778 0.15517766255191656 0.0014488060184385595 -0.00019689849293684733
            -0.019148411243715847
        </data>
    </DistortionCoeffs>
    <RVecs type_id="opencv-matrix">
        <rows>3</rows>
        <cols>1</cols>
        <dt>f</dt>
        <data>-1.2510425941390755 1.0003221285900046 1.0585410202102281</data>
    </RVecs>
    <TVecs type_id="opencv-matrix">
        <rows>3</rows>
        <cols>1</cols>
        <dt>f</dt>
        <data>-2.887512679235995 10.14430679674377 29.856518535510666</data>
    </TVecs>
</opencv_storage>