<?xml version='1.0' encoding='utf-8'?>
<opencv_storage>
    <CameraMatrix type_id="opencv-matrix">
        <rows>3</rows>
        <cols>3</cols>
        <dt>f</dt>
        <data>495.56131779921225 0.0 336.7794571106693 0.0 498.45483142109174 245.47422925524208 0.0 0.0 1.0</data>
    </CameraMatrix>
    <DistortionCoeffs type_id="opencv-matrix">
        <rows>1</rows>
        <cols>1</cols>
        <dt>f</dt>
        <data>-0.33136347160908175 0.08572521687369193 -0.0008504068595025769 0.0007517694488594014
            0.08187253283556994
        </data>
    </DistortionCoeffs>
    <RVecs type_id="opencv-matrix">
        <rows>3</rows>
        <cols>1</cols>
        <dt>f</dt>
        <data>-0.736676197279276 1.5666462916922104 1.809863551236049</data>
    </RVecs>
    <TVecs type_id="opencv-matrix">
        <rows>3</rows>
        <cols>1</cols>
        <dt>f</dt>
        <data>0.4434229565343957 7.707516206544021 38.96796250409643</data>
    </TVecs>
</opencv_storage>